0.008721
0.008197
0.008247
0.008211
0.008416
0.007892
0.008054
0.007768
0.007338
0.007160
0.006703
0.006419
0.006130
0.005539
0.005102
0.005065
0.005619
0.005554
0.005905
0.006523
0.007282
0.007848
0.008177
0.008536
0.008544
0.008728
0.009098
0.009347
0.009654
0.009859
0.009586
0.009158
0.008643
0.008270
0.007778
0.007572
0.007218
0.007218
0.007355
0.007486
0.007492
0.007706
0.007474
0.006655
0.006484
0.006713
0.006402
0.005966
0.005968
0.005850
0.006236
0.006811
0.007321
0.007663
0.007943
0.008500
0.009004
0.009303
0.009430
0.009495
0.009276
0.009006
0.009014
0.009009
0.008930
0.008708
0.008185
0.007889
0.007978
0.007948
0.007228
0.006903
0.006519
0.006499
0.007201
0.007099
0.006610
0.006563
0.006726
0.006789
0.007225
0.007507
0.007288
0.007618
0.007953
0.008238
0.008495
0.008645
0.008835
0.009077
0.009075
0.008705
0.008676
0.008837
0.008816
0.008837
0.008746
0.008652
0.008356
0.008068
0.007584
0.007800
0.007554
0.006908
0.007043
0.006995
0.006686
0.006560
0.006907
0.006921
0.006949
0.007159
0.007302
0.007320
0.007385
0.007531
0.007800
0.008001
0.007991
0.008039
0.008293
0.008421
0.008532
0.008730
0.008864
0.009057
0.009218
0.009037
0.008747
0.008548
0.008455
0.008399
0.008270
0.008017
0.007993
0.007940
0.007709
0.007437
0.007460
0.007576
0.007325
0.007000
0.006639
0.006638
0.006871
0.006664
0.006659
0.006887
0.006842
0.007083
0.007494
0.008002
0.008254
0.008732
0.008927
0.009027
0.009054
0.009035
0.009250
0.009601
0.009572
0.009529
0.009437
0.009184
0.009022
0.008553
0.007958
0.007697
0.007648
0.007291
0.006994
0.006894
0.006735
0.006637
0.006706
0.006456
0.006495
0.006633
0.006903
0.007240
0.007491
0.007609
0.008094
0.008457
0.008716
0.008742
0.008917
0.009352
0.009543
0.009412
0.009471
0.009644
0.009469
0.008941
0.008831
0.008951
0.008596
0.008092
0.007750
0.007523
0.007141
0.006676
0.006304
0.006234
0.006347
0.006347
0.006204
0.006293
0.006549
0.006987
0.007383
0.007827
0.007895
0.008067
0.008157
0.008399
0.008698
0.008981
0.009141
0.009222
0.009224
0.009305
0.009270
0.009234
0.008890
0.008575
0.008155
0.008102
0.008200
0.008112
0.007462
0.006893
0.006667
0.006660
0.006806
0.007034
0.007082
0.007014
0.007109
0.007061
0.007119
0.007398
0.007707
0.007662
0.008056
0.008406
0.008520
0.008617
0.008787
0.008740
0.008823
0.008691
0.008467
0.008312
0.008182
0.007984
0.008161
0.008034
0.007779
0.007435
0.007174
0.007060
0.007251
0.007324
0.006874
0.006786
0.006895
0.006998
0.007173
0.007034
0.006868
0.007085
0.007347
0.007486
0.007751
0.007877
0.007897
0.008076
0.008196
0.008350
0.008453
0.008624
0.008383
0.008295
0.008231
0.008403
0.008651
0.008608
0.008457
0.008467
0.008196
0.007923
0.007760
0.007769
0.007680
0.007456
0.007085
0.007247
0.007275
0.007130
0.007087
0.007033
0.006849
0.006510
0.006573
0.006847
0.007167
0.007155
0.007347
0.007386
0.007706
0.007948
0.008188
0.008448
0.008622
0.008233
0.008203
0.008455
0.008648
0.008745
0.008783
0.008290
0.008282
0.008394
0.008364
0.008147
0.008142
0.007926
0.007416
0.007010
0.006677
0.006560
0.006438
0.005964
0.005765
0.005775
0.006068
0.006342
0.006558
0.006845
0.007176
0.007465
0.007496
0.007780
0.008133
0.008277
0.008312
0.008585
0.008801
0.008853
0.008801
0.008876
0.008943
0.008719
0.008644
0.008729
0.008271
0.007715
0.007258
0.007096
0.006908
0.006501
0.006102
0.005890
0.005589
0.005330
0.005220
0.005329
0.005477
0.005794
0.006538
0.007143
0.007419
0.007497
0.007744
0.008367
0.008774
0.008998
0.009104
0.009063
0.009093
0.009095
0.009296
0.009238
0.008931
0.008498
0.008184
0.007732
0.007407
0.006980
0.006562
0.005923
0.005419
0.005138
0.005272
0.005497
0.005499
0.005319
0.005461
0.005597
0.005900
0.006387
0.006822
0.007355
0.007757
0.007893
0.008047
0.008571
0.008885
0.009056
0.009219
0.009406
0.009539
0.009501
0.009265
0.008941
0.008606
0.008010
0.007478
0.007249
0.007013
0.006613
0.006131
0.005540
0.005254
0.005373
0.005365
0.005369
0.005566
0.005973
0.006156
0.006602
0.006981
0.007455
0.007960
0.008253
0.008431
0.008583
0.008734
0.008945
0.009067
0.009119
0.009117
0.008854
0.008647
0.008528
0.008397
0.008115
0.007888
0.007587
0.007049
0.006573
0.006202
0.005942
0.005813
0.005822
0.005819
0.005765
0.005858
0.006002
0.006194
0.006277
0.006625
0.006926
0.007456
0.007786
0.008086
0.008509
0.008886
0.009071
0.009194
0.009227
0.009153
0.009047
0.008831
0.008693
0.008479
0.008122
0.007921
0.007959
0.007853
0.007578
0.007271
0.007069
0.006920
0.006726
0.006708
0.006810
0.006857
0.006808
0.007004
0.007400
0.007481
0.007739
0.007634
0.007403
0.007600
0.008077
0.008461
0.008675
0.008782
0.008780
0.008630
0.008692
0.008906
0.008939
0.008743
0.008423
0.008222
0.008205
0.008190
0.007931
0.007684
0.007462
0.007281
0.007330
0.007323
0.007130
0.007057
0.007063
0.007073
0.007118
0.007404
0.007639
0.007710
0.007474
0.007414
0.007671
0.007846
0.007785
0.007932
0.008167
0.008270
0.008135
0.008165
0.008365
0.008335
0.008291
0.008322
0.008297
0.008452
0.008424
0.008374
0.008337
0.008378
0.008381
0.008231
0.008064
0.008057
0.007934
0.007723
0.007299
0.006925
0.006854
0.006927
0.006791
0.006583
0.006644
0.006843
0.006817
0.006925
0.007061
0.007408
0.007704
0.008027
0.008297
0.008578
0.008847
0.009158
0.009306
0.009310
0.009252
0.009248
0.009099
0.008779
0.008725
0.008576
0.008380
0.008199
0.007976
0.007628
0.007525
0.007580
0.007660
0.007476
0.007167
0.006980
0.007000
0.006993
0.007064
0.007138
0.007287
0.007467
0.007804
0.008163
0.008666
0.008910
0.008859
0.008874
0.009069
0.009307
0.009395
0.009425
0.009378
0.009230
0.009321
0.009308
0.009080
0.008747
0.008214
0.007676
0.007480
0.007329
0.006981
0.006740
0.006574
0.006257
0.005958
0.006158
0.006438
0.006550
0.006653
0.006792
0.007020
0.007468
0.008032
0.008517
0.008539
0.008652
0.008930
0.009197
0.009268
0.009384
0.009227
0.009249
0.009182
0.009029
0.008897
0.008789
0.008457
0.008194
0.007855
0.007465
0.007102
0.006946
0.006785
0.006766
0.006733
0.006376
0.006145
0.006328
0.006632
0.006880
0.007082
0.007248
0.007549
0.007856
0.008016
0.008125
0.008523
0.008642
0.008774
0.008890
0.009016
0.009026
0.009035
0.008900
0.008892
0.008824
0.008774
0.008643
0.008459
0.008072
0.007717
0.007375
0.007091
0.006832
0.006586
0.006341
0.006087
0.006078
0.006114
0.006272
0.006501
0.006927
0.007271
0.007407
0.007404
0.007527
0.007793
0.008149
0.008324
0.008494
0.008540
0.008464
0.008519
0.008795
0.008934
0.008979
0.008777
0.008682
0.008566
0.008609
0.008450
0.008273
0.007992
0.007620
0.007170
0.007089
0.007139
0.007059
0.006716
0.006432
0.006223
0.006370
0.006718
0.006773
0.006828
0.006925
0.007154
0.007510
0.007956
0.008229
0.008506
0.008479
0.008589
0.008748
0.009016
0.009082
0.009062
0.008881
0.008739
0.008558
0.008521
0.008249
0.008042
0.007718
0.007363
0.007137
0.007002
0.006805
0.006634
0.006312
0.006085
0.006030
0.006063
0.006198
0.006220
0.006452
0.006820
0.006980
0.007137
0.007385
0.007628
0.007965
0.008284
0.008718
0.008879
0.009019
0.008964
0.008935
0.008900
0.008902
0.008762
0.008799
0.008594
0.008328
0.007935
0.007658
0.007172
0.006786
0.006339
0.005848
0.005390
0.005228
0.005187
0.005086
0.005127
0.005416
0.005727
0.006034
0.006256
0.006753
0.007189
0.007561
0.007990
0.008365
0.008722
0.008790
0.008812
0.008877
0.009011
0.009007
0.009073
0.009160
0.009186
0.008850
0.008500
0.008158
0.007871
0.007281
0.006685
0.006008
0.005571
0.005317
0.005351
0.005498
0.005625
0.005549
0.005500
0.005684
0.006158
0.006562
0.006841
0.007139
0.007465
0.007817
0.008182
0.008532
0.008741
0.008901
0.008962
0.008990
0.009095
0.009251
0.009068
0.008725
0.008240
0.007936
0.007618
0.007355
0.006780
0.006366
0.006026
0.005820
0.005735
0.005693
0.005516
0.005419
0.005687
0.005895
0.006160
0.006529
0.007035
0.007313
0.007506
0.007742
0.008086
0.008356
0.008687
0.008862
0.008966
0.008852
0.008852
0.008874
0.008950
0.008834
0.008629
0.008449
0.008279
0.007912
0.007564
0.007357
0.007123
0.006768
0.006486
0.006063
0.005705
0.005590
0.005534
0.005433
0.005758
0.006256
0.006568
0.006656
0.006882
0.007354
0.007715
0.007963
0.008090
0.008431
0.008810
0.009046
0.008961
0.008906
0.008801
0.008554
0.008309
0.008318
0.008261
0.008144
0.007923
0.007745
0.007609
0.007338
0.007181
0.007047
0.006938
0.006701
0.006456
0.006575
0.006809
0.006740
0.006692
0.006737
0.006871
0.007152
0.007386
0.007684
0.007759
0.007799
0.007845
0.008026
0.008299
0.008394
0.008441
0.008515
0.008522
0.008461
0.008507
0.008553
0.008520
0.008470
0.008298
0.007985
0.007737
0.007660
0.007466
0.007246
0.007075
0.007004
0.006904
0.007078
0.007213
0.007253
0.007036
0.006990
0.007148
0.007415
0.007529
0.007586
0.007656
0.007788
0.007949
0.008228
0.008460
0.008517
0.008471
0.008516
0.008728
0.008955
0.009029
0.009125
0.009042
0.008841
0.008784
0.008561
0.008409
0.008097
0.007709
0.007299
0.006981
0.006913
0.006841
0.006658
0.006641
0.006862
0.007032
0.007054
0.007145
0.007302
0.007361
0.007320
0.007314
0.007458
0.007897
0.008240
0.008532
0.008915
0.009074
0.008884
0.008782
0.008904
0.009033
0.009069
0.009029
0.008961
0.008880
0.008677
0.008345
0.008046
0.007648
0.007255
0.006962
0.006746
0.006759
0.006695
0.006630
0.006735
0.006858
0.007028
0.007135
0.007275
0.007376
0.007431
0.007603
0.007889
0.008212
0.008632
0.008944
0.009208
0.009331
0.009377
0.009426
0.009453
0.009386
0.009149
0.008881
0.008631
0.008404
0.008078
0.007804
0.007628
0.007545
0.007340
0.007143
0.006915
0.006834
0.007044
0.007256
0.007231
0.007071
0.007028
0.007086
0.007238
0.007538
0.007657
0.007858
0.008026
0.008278
0.008377
0.008669
0.008891
0.008979
0.009068
0.009108
0.008985
0.008982
0.008916
0.008759
0.008449
0.008138
0.007974
0.007884
0.007793
0.007631
0.007330
0.007068
0.006892
0.006850
0.007067
0.007185
0.007025
0.007076
0.007334
0.007523
0.007699
0.007712
0.007800
0.007932
0.007966
0.008185
0.008612
0.008884
0.009006
0.009090
0.009183
0.009235
0.009279
0.009268
0.009333
0.009192
0.008845
0.008482
0.008089
0.007761
0.007580
0.007334
0.007134
0.007003
0.006899
0.006791
0.006868
0.007196
0.007469
0.007466
0.007401
0.007477
0.007522
0.007607
0.007641
0.007746
0.007954
0.008198
0.008430
0.008782
0.008908
0.008843
0.008748
0.008725
0.008719
0.008695
0.008635
0.008547
0.008256
0.008027
0.007920
0.007916
0.007765
0.007448
0.007101
0.006671
0.006522
0.006527
0.006534
0.006577
0.006731
0.006894
0.007052
0.007074
0.007244
0.007470
0.007643
0.007777
0.008043
0.008307
0.008614
0.008873
0.009121
0.009151
0.009120
0.009108
0.009195
0.009168
0.009047
0.008743
0.008426
0.008017
0.007727
0.007429
0.007272
0.006846
0.006288
0.006014
0.006023
0.005932
0.005944
0.006045
0.006161
0.006249
0.006312
0.006698
0.007372
0.007768
0.008113
0.008388
0.008705
0.008897
0.009000
0.009117
0.009068
0.008998
0.008889
0.008838
0.008996
0.008947
0.008638
0.008382
0.008203
0.007894
0.007487
0.007114
0.006665
0.006202
0.005743
0.005414
0.005179
0.005345
0.005591
0.005726
0.005764
0.006014
0.006239
0.006506
0.006875
0.007190
0.007636
0.008013
0.008338
0.008533
0.008683
0.008789
0.008947
0.009011
0.009041
0.008972
0.008839
0.008669
0.008489
0.008121
0.007525
0.007041
0.006716
0.006389
0.006279
0.006125
0.005825
0.005470
0.005327
0.005592
0.005980
0.006361
0.006771
0.006975
0.007266
0.007554
0.007898
0.008165
0.008374
0.008519
0.008655
0.008727
0.008764
0.008949
0.008968
0.008867
0.008675
0.008317
0.008042
0.007992
0.007787
0.007450
0.006980
0.006649
0.006498
0.006239
0.005925
0.005873
0.005838
0.005983
0.006189
0.006425
0.006708
0.007020
0.007304
0.007520
0.007646
0.007855
0.008077
0.008310
0.008402
0.008370
0.008353
0.008395
0.008516
0.008537
0.008579
0.008504
0.008206
0.007924
0.007746
0.007749
0.007596
0.007354
0.007189
0.006932
0.006768
0.006746
0.006715
0.006742
0.006628
0.006444
0.006338
0.006405
0.006712
0.007105
0.007377
0.007407
0.007484
0.007616
0.007784
0.007914
0.008194
0.008416
0.008414
0.008237
0.008201
0.008145
0.007969
0.007845
0.007891
0.007924
0.007889
0.007961
0.008023
0.008005
0.007747
0.007500
0.007358
0.007357
0.007427
0.007371
0.007119
0.006905
0.006817
0.007103
0.007321
0.007429
0.007421
0.007244
0.007200
0.007324
0.007557
0.007815
0.008052
0.008017
0.007966
0.008117
0.008216
0.008316
0.008482
0.008498
0.008367
0.008292
0.008345
0.008527
0.008616
0.008426
0.008211
0.007975
0.007771
0.007540
0.007423
0.007179
0.006799
0.006726
0.006797
0.006872
0.007071
0.007193
0.007382
0.007544
0.007719
0.007994
0.008198
0.008292
0.008246
0.008262
0.008245
0.008290
0.008494
0.008726
0.008894
0.008970
0.008974
0.009023
0.009100
0.009086
0.008949
0.008759
0.008482
0.008211
0.008023
0.007791
0.007633
0.007326
0.007014
0.006664
0.006395
0.006463
0.006660
0.006862
0.007110
0.007257
0.007401
0.007554
0.007862
0.008098
0.008161
0.008295
0.008465
0.008589
0.008666
0.008673
0.008780
0.008837
0.008853
0.008901
0.008866
0.008660
0.008477
0.008298
0.007986
0.007664
0.007424
0.007205
0.007001
0.006846
0.006702
0.006577
0.006562
0.006821
0.007070
0.007270
0.007287
0.007270
0.007434
0.007677
0.007995
0.008350
0.008581
0.008803
0.008919
0.008947
0.009015
0.009151
0.009132
0.009073
0.008902
0.008815
0.008647
0.008490
0.008319
0.008139
0.007806
0.007374
0.006927
0.006793
0.006639
0.006501
0.006327
0.006136
0.006234
0.006571
0.006884
0.007126
0.007295
0.007446
0.007763
0.008035
0.008241
0.008431
0.008653
0.008726
0.008922
0.009150
0.009348
0.009350
0.009416
0.009325
0.009169
0.008909
0.008584
0.008288
0.008159
0.008086
0.007849
0.007668
0.007440
0.007039
0.006718
0.006588
0.006605
0.006586
0.006417
0.006422
0.006634
0.006955
0.007105
0.007446
0.007842
0.008164
0.008306
0.008589
0.008762
0.008859
0.008780
0.008885
0.009034
0.009232
0.009301
0.009307
0.009235
0.009030
0.008613
0.008341
0.007928
0.007506
0.007198
0.006925
0.006728
0.006685
0.006461
0.006280
0.006138
0.005958
0.006113
0.006468
0.006825
0.007078
0.007421
0.007518
0.007545
0.007771
0.008136
0.008446
0.008779
0.008875
0.009008
0.009140
0.009263
0.009240
0.009418
0.009185
0.009026
0.008835
0.008461
0.008115
0.007894
0.007517
0.007268
0.006918
0.006663
0.006475
0.006306
0.005990
0.005935
0.006118
0.006232
0.006404
0.006768
0.007125
0.007364
0.007540
0.007714
0.008120
0.008362
0.008502
0.008672
0.008772
0.008829
0.009036
0.009059
0.009091
0.008932
0.008752
0.008443
0.008198
0.007890
0.007718
0.007505
0.007210
0.006653
0.006249
0.005871
0.005600
0.005490
0.005467
0.005411
0.005533
0.005913
0.006235
0.006634
0.007143
0.007722
0.008206
0.008559
0.008650
0.008855
0.009131
0.009237
0.009173
0.009267
0.009129
0.009049
0.009008
0.008949
0.008594
0.008257
0.007919
0.007738
0.007467
0.007144
0.006787
0.006382
0.005864
0.005589
0.005595
0.005618
0.005564
0.005644
0.005966
0.006349
0.006670
0.007028
0.007414
0.007624
0.007895
0.008145
0.008534
0.008809
0.008966
0.008997
0.009189
0.009048
0.008873
0.008867
0.008857
0.008554
0.008259
0.007853
0.007458
0.007053
0.006659
0.006375
0.006132
0.005871
0.005657
0.005507
0.005663
0.005934
0.006357
0.006746
0.007013
0.007183
0.007314
0.007598
0.007952
0.008200
0.008258
0.008365
0.008433
0.008622
0.008737
0.008795
0.008691
0.008729
0.008817
0.008859
0.008662
0.008384
0.008000
0.007615
0.007145
0.006760
0.006506
0.006416
0.006229
0.005933
0.005795
0.005856
0.005833
0.005906
0.006257
0.006727
0.007031
0.007130
0.007472
0.007797
0.007910
0.007921
0.008050
0.008257
0.008293
0.008103
0.008171
0.008381
0.008461
0.008414
0.008382
0.008188
0.008020
0.007759
0.007595
0.007415
0.007089
0.006892
0.006976
0.007047
0.006937
0.006747
0.006612
0.006551
0.006572
0.006672
0.006817
0.006937
0.007204
0.007494
0.007633
0.007760
0.007878
0.008010
0.008069
0.008059
0.008058
0.008145
0.008383
0.008577
0.008536
0.008537
0.008560
0.008625
0.008613
0.008390
0.008128
0.007856
0.007647
0.007592
0.007505
0.007493
0.007235
0.006978
0.006892
0.006796
0.006592
0.006601
0.006705
0.006770
0.006898
0.006993
0.007161
0.007396
0.007675
0.007891
0.008171
0.008403
0.008622
0.008766
0.008780
0.008657
0.008606
0.008654
0.008733
0.008724
0.008684
0.008609
0.008357
0.008097
0.007908
0.007731
0.007442
0.007216
0.007001
0.006775
0.006426
0.006254
0.006316
0.006476
0.006459
0.006604
0.006976
0.007431
0.007515
0.007658
0.007913
0.008195
0.008348
0.008579
0.008848
0.009099
0.008959
0.008798
0.008769
0.008838
0.008839
0.008809
0.008794
0.008724
0.008541
0.008223
0.008003
0.007781
0.007531
0.007246
0.007056
0.006912
0.006812
0.006765
0.006788
0.006830
0.006973
0.007156
0.007434
0.007637
0.007784
0.008094
0.008375
0.008487
0.008612
0.008599
0.008618
0.008722
0.008895
0.008958
0.008837
0.008708
0.008512
0.008277
0.008160
0.007974
0.007828
0.007605
0.007292
0.007054
0.006927
0.006778
0.006689
0.006658
0.006566
0.006711
0.006733
0.006809
0.006907
0.007060
0.007171
0.007457
0.007711
0.008039
0.008184
0.008180
0.008179
0.008223
0.008264
0.008432
0.008480
0.008485
0.008421
0.008369
0.008418
0.008580
0.008492
0.008342
0.008279
0.008076
0.007916
0.007759
0.007608
0.007450
0.007297
0.007027
0.006917
0.006967
0.006997
0.006885
0.006954
0.007023
0.007046
0.007158
0.007426
0.007632
0.007950
0.008213
0.008451
0.008592
0.008647
0.008621
0.008644
0.008631
0.008563
0.008535
0.008609
0.008692
0.008711
0.008611
0.008504
0.008405
0.008262
0.007980
0.007576
0.007258
0.007109
0.006977
0.006910
0.006755
0.006552
0.006435
0.006350
0.006402
0.006545
0.006805
0.007066
0.007408
0.007845
0.008267
0.008490
0.008665
0.008864
0.008941
0.008949
0.009015
0.009008
0.009090
0.009103
0.009100
0.008992
0.008739
0.008491
0.008416
0.008192
0.007889
0.007740
0.007492
0.007032
0.006639
0.006323
0.006051
0.006126
0.006356
0.006322
0.006364
0.006489
0.006690
0.007061
0.007583
0.008055
0.008342
0.008610
0.008782
0.009056
0.009287
0.009434
0.009534
0.009613
0.009620
0.009609
0.009507
0.009296
0.008880
0.008365
0.007848
0.007557
0.007236
0.006923
0.006551
0.006385
0.005973
0.005671
0.005694
0.005944
0.006204
0.006306
0.006622
0.007167
0.007563
0.007910
0.008226
0.008435
0.008529
0.008606
0.008778
0.008967
0.009166
0.009164
0.008973
0.008763
0.008678
0.008529
0.008441
0.008264
0.008123
0.007795
0.007505
0.007263
0.007025
0.006649
0.006301
0.005960
0.005609
0.005632
0.005720
0.005765
0.006164
0.006697
0.007058
0.007410
0.007975
0.008452
0.008815
0.009249
0.009551
0.009744
0.009744
0.009614
0.009492
0.009321
0.008944
0.008684
0.008421
0.008071
0.007780
0.007613
0.007349
0.006984
0.006608
0.006326
0.006088
0.005796
0.005660
0.005661
0.005587
0.005562
0.005757
0.006383
0.007055
0.007558
0.008020
0.008380
0.008714
0.008954
0.009231
0.009541
0.009596
0.009465
0.009318
0.009231
0.009080
0.008865
0.008522
0.008173
0.007853
0.007516
0.007316
0.007121
0.006819
0.006523
0.006259
0.005958
0.005907
0.006031
0.006175
0.006207
0.006474
0.006769
0.007189
0.007491
0.007660
0.007828
0.007947
0.008005
0.008248
0.008547
0.008826
0.008867
0.008738
0.008592
0.008413
0.008161
0.007950
0.007910
0.007837
0.007776
0.007683
0.007604
0.007557
0.007370
0.007009
0.006648
0.006534
0.006402
0.006479
0.006777
0.006873
0.007034
0.007162
0.007306
0.007438
0.007608
0.007628
0.007686
0.007845
0.008168
0.008444
0.008546
0.008651
0.008615
0.008457
0.008357
0.008313
0.008264
0.008284
0.008212
0.008162
0.008087
0.007923
0.007747
0.007664
0.007543
0.007447
0.007278
0.007024
0.006921
0.006956
0.006968
0.006993
0.007085
0.007084
0.007081
0.007108
0.007156
0.007395
0.007597
0.007587
0.007548
0.007583
0.007720
0.007943
0.008014
0.008092
0.008229
0.008255
0.008401
0.008594
0.008714
0.008675
0.008594
0.008445
0.008260
0.008194
0.008170
0.008105
0.007980
0.007825
0.007743
0.007727
0.007673
0.007597
0.007469
0.007195
0.006941
0.006887
0.006986
0.007028
0.006986
0.006994
0.007054
0.007358
0.007767
0.008069
0.008249
0.008313
0.008355
0.008518
0.008804
0.009131
0.009195
0.009102
0.008899
0.008661
0.008568
0.008396
0.008117
0.007840
0.007463
0.007135
0.007008
0.007148
0.007213
0.006997
0.006874
0.006849
0.006896
0.006910
0.006848
0.006797
0.006906
0.007043
0.007271
0.007697
0.008160
0.008360
0.008418
0.008389
0.008549
0.008655
0.008746
0.008831
0.008876
0.008802
0.008760
0.008577
0.008455
0.008284
0.008048
0.007822
0.007580
0.007271
0.006978
0.006731
0.006647
0.006554
0.006463
0.006319
0.006241
0.006392
0.006656
0.007000
0.007245
0.007404
0.007589
0.007807
0.008118
0.008477
0.008813
0.009068
0.009141
0.009223
0.009182
0.009149
0.009001
0.008852
0.008685
0.008512
0.008231
0.008107
0.007965
0.007858
0.007625
0.007215
0.006860
0.006699
0.006594
0.006481
0.006372
0.006579
0.006915
0.007111
0.007348
0.007593
0.007849
0.007991
0.008104
0.008258
0.008513
0.008732
0.008972
0.009093
0.009255
0.009200
0.009080
0.008999
0.008915
0.008691
0.008487
0.008206
0.008059
0.007985
0.007958
0.007794
0.007456
0.007140
0.006896
0.006667
0.006552
0.006422
0.006232
0.006165
0.006280
0.006606
0.006907
0.007131
0.007418
0.007842
0.008187
0.008406
0.008693
0.008957
0.008945
0.008875
0.008884
0.009045
0.009126
0.009084
0.008859
0.008586
0.008265
0.008138
0.008021
0.007921
0.007612
0.007407
0.007304
0.007140
0.006897
0.006798
0.006736
0.006728
0.006756
0.006790
0.006889
0.006970
0.007093
0.007437
0.007817
0.007963
0.008219
0.008509
0.008824
0.009128
0.009331
0.009421
0.009495
0.009320
0.009194
0.009047
0.008928
0.008688
0.008572
0.008312
0.008050
0.007701
0.007343
0.006948
0.006645
0.006297
0.006115
0.005916
0.005899
0.005989
0.006049
0.005975
0.005989
0.006233
0.006512
0.006771
0.007063
0.007405
0.007845
0.008207
0.008532
0.009014
0.009347
0.009591
0.009631
0.009607
0.009498
0.009483
0.009308
0.009090
0.008699
0.008366
0.007882
0.007501
0.007189
0.006858
0.006408
0.005920
0.005643
0.005640
0.005813
0.005924
0.006003
0.006152
0.006367
0.006671
0.007099
0.007381
0.007644
0.007929
0.008485
0.008923
0.009292
0.009478
0.009595
0.009453
0.009397
0.009303
0.009251
0.009005
0.008679
0.008216
0.007762
0.007330
0.006997
0.006769
0.006489
0.006126
0.005745
0.005590
0.005537
0.005424
0.005429
0.005564
0.005852
0.006258
0.006663
0.007125
0.007655
0.008077
0.008501
0.008948
0.009211
0.009362
0.009397
0.009399
0.009283
0.009234
0.009072
0.008897
0.008651
0.008470
0.008237
0.007969
0.007500
0.006937
0.006375
0.005910
0.005539
0.005417
0.005421
0.005454
0.005635
0.005975
0.006388
0.006650
0.006916
0.007318
0.007635
0.007827
0.008120
0.008536
0.008881
0.008951
0.008987
0.009017
0.009093
0.009033
0.008905
0.008660
0.008359
0.007985
0.007644
0.007370
0.007269
0.007216
0.006981
0.006797
0.006678
0.006490
0.006256
0.006067
0.006047
0.006057
0.006098
0.006395
0.006872
0.007293
0.007522
0.007646
0.007748
0.007935
0.007994
0.008204
0.008358
0.008508
0.008525
0.008635
0.008651
0.008498
0.008356
0.008250
0.008076
0.007890
0.007617
0.007424
0.007304
0.007074
0.006797
0.006852
0.006906
0.006883
0.006997
0.007023
0.006910
0.006947
0.007213
0.007476
0.007626
0.007637
0.007609
0.007665
0.007756
0.007724
0.007819
0.007893
0.007922
0.007971
0.008124
0.008168
0.008178
0.008200
0.008251
0.008214
0.008091
0.007931
0.007855
0.007813
0.007750
0.007820
0.007789
0.007600
0.007492
0.007478
0.007344
0.007238
0.007137
0.007053
0.006921
0.006874
0.006920
0.007050
0.007131
0.007151
0.007277
0.007517
0.007546
0.007715
0.007979
0.008262
0.008460
0.008543
0.008578
0.008634
0.008582
0.008488
0.008386
0.008405
0.008457
0.008507
0.008463
0.008332
0.008177
0.007945
0.007647
0.007289
0.007133
0.006971
0.006694
0.006577
0.006656
0.006647
0.006739
0.006828
0.006939
0.007023
0.007049
0.007223
0.007547
0.007905
0.008141
0.008228
0.008472
0.008775
0.008892
0.008900
0.008934
0.008765
0.008705
0.008703
0.008606
0.008555
0.008384
0.008075
0.007772
0.007479
0.007212
0.007005
0.006783
0.006563
0.006302
0.006169
0.006202
0.006353
0.006515
0.006614
0.006600
0.006798
0.007257
0.007725
0.008061
0.008348
0.008540
0.008757
0.008835
0.008964
0.009103
0.009096
0.009071
0.009062
0.008837
0.008669
0.008509
0.008223
0.007917
0.007528
0.007165
0.006857
0.006574
0.006353
0.006319
0.006310
0.006252
0.006226
0.006420
0.006591
0.006671
0.006847
0.007122
0.007430
0.007828
0.008126
0.008418
0.008522
0.008530
0.008468
0.008456
0.008411
0.008392
0.008356
0.008347
0.008399
0.008411
0.008461
0.008445
0.008360
0.008185
0.007918
0.007552
0.007239
0.007007
0.006857
0.006705
0.006679
0.006738
0.006789
0.006893
0.007142
0.007364
0.007501
0.007505
0.007577
0.007762
0.008000
0.008248
0.008432
0.008614
0.008768
0.008856
0.008992
0.009032
0.008941
0.008814
0.008681
0.008533
0.008377
0.008251
0.008146
0.008019
0.007857
0.007782
0.007547
0.007288
0.007007
0.006890
0.006878
0.006970
0.007149
0.007336
0.007412
0.007395
0.007354
0.007332
0.007349
0.007481
0.007561
0.007652
0.007823
0.008015
0.008131
0.008193
0.008281
0.008489
0.008585
0.008626
0.008491
0.008422
0.008291
0.008183
0.008078
0.007867
0.007689
0.007637
0.007621
0.007431
0.007142
0.006955
0.006820
0.006678
0.006583
0.006508
0.006468
0.006504
0.006587
0.006723
0.006860
0.006963
0.007171
0.007495
0.007813
0.007961
0.008215
0.008326
0.008508
0.008758
0.008982
0.009053
0.009058
0.008976
0.008929
0.008812
0.008589
0.008141
0.007784
0.007354
0.006888
0.006545
0.006470
0.006552
0.006423
0.006137
0.005924
0.005917
0.005950
0.006130
0.006402
0.006825
0.007029
0.007261
0.007688
0.008088
0.008386
0.008627
0.008882
0.009116
0.009228
0.009288
0.009230
0.009155
0.009003
0.008762
0.008533
0.008344
0.008137
0.007741
0.007176
0.006666
0.006244
0.005896
0.005600
0.005346
0.005149
0.005132
0.005179
0.005577
0.006177
0.006592
0.006909
0.007103
0.007410
0.007845
0.008263
0.008543
0.008862
0.009136
0.009395
0.009492
0.009451
0.009414
0.009340
0.009093
0.008789
0.008416
0.008093
0.007683
0.007348
0.007045
0.006727
0.006385
0.005900
0.005494
0.005246
0.005155
0.005239
0.005416
0.005922
0.006458
0.006911
0.007357
0.007846
0.008250
0.008456
0.008756
0.009029
0.009226
0.009422
0.009553
0.009473
0.009348
0.009194
0.009066
0.008741
0.008352
0.008026
0.007712
0.007289
0.006897
0.006593
0.006297
0.006035
0.005702
0.005590
0.005703
0.005786
0.005904
0.006108
0.006445
0.006848
0.007165
0.007553
0.007984
0.008136
0.008263
0.008401
0.008564
0.008726
0.008700
0.008716
0.008759
0.008707
0.008593
0.008530
0.008344
0.008155
0.007961
0.007735
0.007463
0.007363
0.007177
0.006980
0.006864
0.006751
0.006565
0.006422
0.006545
0.006869
0.007099
0.007260
0.007377
0.007566
0.007860
0.008177
0.008377
0.008375
0.008399
0.008335
0.008355
0.008512
0.008589
0.008458
0.008395
0.008308
0.008245
0.008199
0.008075
0.007832
0.007640
0.007549
0.007531
0.007521
0.007615
0.007681
0.007700
0.007606
0.007420
0.007326
0.007290
0.007267
0.007391
0.007588
0.007728
0.007790
0.007926
0.008077
0.008114
0.008037
0.007835
0.007741
0.007730
0.007743
0.007811
0.007827
0.007817
0.007929
0.008004
0.007983
0.008082
0.008183
0.008158
0.008062
0.007981
0.008091
0.008244
0.008261
0.008181
0.008136
0.007964
0.007826
0.007752
0.007704
0.007612
0.007373
0.007019
0.006887
0.006960
0.007063
0.007244
0.007419
0.007583
0.007614
0.007679
0.007910
0.008257
0.008467
0.008565
0.008607
0.008648
0.008751
0.008873
0.008773
0.008662
0.008496
0.008360
0.008221
0.008189
0.008085
0.007904
0.007701
0.007518
0.007369
0.007340
0.007285
0.007203
0.007005
0.006791
0.006676
0.006764
0.007013
0.007276
0.007462
0.007623
0.007869
0.008120
0.008387
0.008683
0.008874
0.008906
0.008983
0.009088
0.009099
0.009065
0.009027
0.008835
0.008587
0.008301
0.008153
0.008076
0.007903
0.007674
0.007417
0.007185
0.006990
0.006865
0.006735
0.006603
0.006439
0.006508
0.006696
0.006807
0.006933
0.007102
